750
389 
412 
584 
666 236 
509 
557 
799 
453 
564 619 
436 
86 413 
247 
255 
855 
25 
602 
220 
745 
451 
803 
457 
66 270 
723 
627 
959 
2 414 
416 
721 398 
469 980 
343 494 
585 244 
450 
81 
725 
907 
688 
518 715 
59 285 
478 805 
216 
468 
124 160 
982 395 
901 26 
635 475 
82 454 
984 224 
484 858 
707 
462 
151 834 
234 662 
138 607 
387 
17 
991 717 
992 
356 
334 
506 
919 872 
472 
313 
609 65 
272 
561 
647 
500 
286 
882 388 
251 
596 
567 
23 
310 960 
608 424 
511 750 
11 
298 
19 
446 
406 
210 
245 
148 
411 
760 758 
155 618 
612 266 
386 788 
990 794 
45 
798 169 
181 
546 
404 
370 
159 
161 832 
179 
194 
467 
815 
355 579 
902 392 
476 153 
344 79 
463 
727 
613 
816 182 
770 633 
320 
336 102 
199 967 
72 731 
526 
939 
846 941 
558 262 
696 661 
544 868 
432 572 
306 615 
372 945 
204 449 
50 
479 
938 
999 15 
201 
121 
373 495 
248 99 
550 
733 
364 
743 
73 
931 
937 601 
638 
706 
888 
702 
438 683 
162 53 
20 749 
127 
403 553 
51 568 
176 
614 
7 
963 
833 143 
746 
158 410 
63 
505 
302 
367 
165 168 
338 146 
171 434 
40 366 
393 
859 
765 632 
818 879 
497 
586 200 
207 108 
710 947 
675 226 
256 295 
283 
237 461 
22 
775 
441 
371 871 
314 
34 
175 524 
113 
604 
713 
427 797 
915 116 
885 883 
512 581 
197 
981 703 
205 
664 76 
951 
742 
533 
899 
239 
482 215 
936 
814 322 
682 
43 
122 
141 
994 
238 474 
221 339 
705 753 
281 
190 341 
556 
923 
323 
493 
826 
100 
74 
368 510 
8 600 
227 126 
887 
573 288 
956 828 
98 
140 
163 405 
49 897 
517 350 
629 
543 97 
35 
645 
569 
464 156 
421 
884 10 
588 
583 668 
198 697 
488 
301 
736 
68 617 
296 
166 
259 71 
875 
214 988 
381 
848 
280 80 
877 
532 
499 
909 817 
735 185 
38 
575 
802 
962 
719 
440 
747 
678 
241 
391 
908 
712 
622 769 
610 
172 382 
520 
867 
767 
260 
37 137 
911 30 
114 363 
845 
726 85 
800 246 
84 408 
784 
460 
874 
324 289 
781 562 
377 
61 763 
565 
732 
504 
329 
347 
893 
626 
64 856 
433 
605 
964 
78 
811 
420 
268 
435 
841 934 
677 
820 
109 
958 290 
997 
998 
761 
24 
125 
580 345 
133 637 
485 
921 
809 
711 653 
928 452 
971 
616 
75 
946 620 
498 394 
58 304 
358 
233 
545 835 
578 995 
219 
741 
611 
348 
439 
103 
294 
218 129 
950 
397 
623 
502 
830 
594 
891 128 
490 676 
269 243 
895 
671 
776 
965 173 
193 
773 444 
309 
644 
325 
636 383 
273 492 
708 
886 
589 714 
821 
183 892 
783 521 
563 625 
910 318 
734 
649 
145 
768 
44 940 
264 105 
870 
663 
480 
222 
514 
869 
977 824 
838 547 
930 624 
670 659 
83 
860 
21 
203 
119 130 
849 
96 18 
327 698 
225 
836 
443 720 
729 
922 
880 
4 
823 
844 
31 904 
975 
810 920 
487 808 
652 
5 
695 353 
913 
716 806 
77 
307 57 
93 628 
566 957 
796 603 
878 
829 
16 
428 853 
62 
576 
560 
771 
448 
107 
969 
417 401 
598 91 
54 744 
147 789 
481 700 
409 699 
516 
522 399 
551 
955 
780 
801 271 
110 
422 793 
299 
949 681 
375 952 
470 985 
542 415 
993 0 
807 
574 
508 
539 
423 
756 
242 634 
679 
819 
157 759 
537 630 
738 
996 857 
933 
989 
831 
685 929 
67 69 
120 
889 
966 
843 
822 
528 503 
396 
458 762 
123 866 
658 
691 
252 95 
839 
178 
279 
873 898 
987 
94 496 
369 
953 599 
582 903 
437 595 
48 
935 
751 548 
70 
378 
667 
326 
791 
529 32 
754 
926 
643 250 
274 
459 501 
277 
778 
340 
739 
380 
530 
621 
730 
894 523 
655 
374 
425 
943 47 
139 
112 
14 
117 686 
672 
477 
559 
531 
230 
606 
13 
905 
211 
925 
728 
202 
337 932 
189 
724 
56 
680 
881 660 
786 
876 6 
39 
135 
208 
852 
89 
924 
650 
293 
489 
549 
654 
865 
669 
974 813 
134 390 
321 46 
41 
333 
430 
507 
28 
1 
192 
782 513 
591 
351 
694 
195 527 
986 
297 55 
896 
772 
692 
267 
282 
303 
840 968 
60 
9 
445 118 
804 
684 689 
379 
854 
722 
978 
592 
291 249 
3 
646 
766 
223 115 
87 
150 466 
228 
328 
131 571 
673 665 
690 
976 
642 
180 263 
942 
541 
465 426 
914 
305 
917 
136 
639 
473 
360 
785 
862 927 
407 359 
400 
748 
906 
253 837 
331 330 
312 
357 
317 
486 
170 
300 
827 
737 36 
191 88 
718 
254 
196 
538 
640 
352 
235 
519 
209 
777 
812 
316 
536 
354 
983 
850 
275 
972 
900 
456 
174 
704 
656 
258 
491 
42 
276 
132 
429 
687 
851 
631 52 
232 
593 
261 
319 
376 384 
206 912 
534 774 
111 
764 
278 
970 
90 
590 525 
101 979 
954 
540 
842 
790 
431 
287 
847 916 
597 
418 795 
33 
361 
332 
315 
365 651 
231 961 
471 587 
12 918 
187 
515 
861 152 
284 
342 
29 
442 
213 
693 
863 
265 
106 
787 
177 
292 
648 
362 
142 
890 
349 
752 447 
311 
164 
757 
186 
554 
240 
385 825 
308 
641 
229 
212 
92 
346 
948 
257 455 
779 
973 657 
709 188 
483 
154 
701 535 
402 419 
674 335 
184 
755 
217 
570 
944 
555 
167 
149 
577 144 
740 552 
864 
27 104 
792 
